-1361707008
-1876230144
2000683008
1568931840
-1926496256
641597440
-1442185216
-1839661056
845086720
931201024
204210176
722468864
-157155328
1179189248
-1368588288
1734213632
455147520
443482112
1977155584
1061355520
2065825792
-1036779520
710541312
1573126144
1809448960
2080964608
1201143808
1024262144
1514995712
1685454848
-1350631424
153288704
-190775296
650051584
1722220544
-2117271552
1291714560
280100864
338100224
2136801280
1211301888
542310400
-1435697152
1054146560
1721499648
1490747392
-1506607104
-2118320128
1934229504
470548480
-1056899072
-294846464
-566231040
-346357760
1278279680
1243283456
1734606848
-1815543808
-2027421696
-1045364736
-130088960
916979712
-892076032
-320798720
1567031296
830210048
1856897024
-1436221440
1110310912
-2099970048
700579840
-1973354496
-1557659648
-735051776
-919207936
163905536
755695616
1869217792
-1954414592
-1605042176
-1955201024
1283653632
-1899888640
1773600768
937361408
-621543424
-1278083072
-1622999040
1857880064
989462528
1626669056
1727856640
1906442240
734593024
1407057920
-821428224
1564803072
-1031012352
2037317632
-1619853312
1164050432
-1557004288
701759488
-393609216
2002911232
-217382912
-229703680
-1536360448
1651834880
2110914560
1153564672
-303366144
-900399104
-746258432
1470234624
36962304
-1367801856
192151552
-1585971200
490078208
1181679616
40697856
-2077032448
-1206845440
775290880
-669974528
-2028273664
-1954807808
-1700921344
9109504
720306176
-536870912
-1547894784
1422131200
-930480128
455016448
1204748288
-1160118272
-1081344000
-1438384128
950796288
72220672
-1741750272
50397184
-674037760
-271450112
87425024
-2041839616
-79298560
-1498546176
-1551695872
1102381056
-1457848320
666238976
-104398848
-682557440
-3670016
-2132672512
1657602048
-1704591360
-2123563008
-1916993536
2053505024
623509504
-494862336
1123024896
1078525952
709885952
-37093376
-2818048
-728498176
913702912
69468160
1824718848
964165632
-604569600
1553268736
1051590656
1648623616
1474035712
-446955520
96927744
-1718550528
-1904803840
763166720
-1822949376
1707606016
759496704
339410944
-929693696
-945094656
-1784152064
1448280064
1108410368
-1160577024
953417728
-2063466496
-82051072
1663303680
-2100559872
-84803584
934805504
-1186791424
-15335424
-1535442944
-222625792
-619905024
17891328
828964864
1028718592
1491927040
382009344
1125646336
-226623488
-1522794496
1888878592
-2049507328
184811520
-1646592000
-1710096384
-744882176
1703346176
800718848
703397888
-1483210752
-359858176
1656815616
748290048
-441843712
-974848000
-1352204288
-526647296
-40042496
1755971584
-541982720
-1575419904
1533345792
-1161887744
-1557528576
-1932656640
-133103616
-65601536
-1550647296
992542720
-292225024
1221525504
-1413545984
1953234944
1406337024
1234894848
243138560
661520384
-1356726272
1043922944
1364918272
1455030272
684064768
-1273167872
-2091581440
242221056
2046951424
851181568
-284426240
2006974464
-1687814144
-826408960
431554560
-154468352
-1988231168
-1125974016
-2087124992
-2121334784
-1191575552
657195008
-1128792064
-1483800576
1878720512
1752694784
469499904
-1009909760
-1307377664
712638464
-348389376
1630863360
1756561408
1016594432
-1209073664
-1854275584
-256573440
994312192
-1612054528
1790377984
1845493760
-1896415232
-497614848
157679616
1572143104
-66060288
3211264
-416088064
-1192034304
-2083913728
1757544448
1911357440
-1426718720
628817920
427622400
452001792
-1913454592
897122304
-557842432
1074135040
1609760768
-906231808
-1589968896
-928579584
110362624
1495924736
1512112128
-146210816
-1804664832
-99942400
1644232704
40828928
-1996357632
1146617856
198574080
-424148992
1080623104
201785344
-840237056
-111411200
-1882062848
917372928
1800011776
986185728
1546190848
-2067333120
1438253056
-367263744
-1170210816
880410624
706871296
439549952
-25821184
-883097600
-489029632
84606976
612827136
1023082496
-61603840
-1191837696
923205632
1582628864
-1150943232
-1073152000
-1565655040
-952369152
-1497300992
-485031936
-750583808
1957494784
-596443136
1662320640
-1420099584
1203568640
-1646395392
126091264
-863764480
-208142336
-241172480
-2033975296
672268288
465698816
-1594359808
646447104
-417398784
-2083389440
731054080
195428352
-1060241408
669515776
-996343808
-137035776
-2042822656
-2147287040
-1210187776
686489600
1195311104
1587544064
201457664
444727296
-749928448
-394919936
2107113472
2124939264
808648704
460718080
-2043936768
-55050240
252575744
2009858048
-2089025536
924844032
-1819410432
611581952
1571291136
2058158080
-1471741952
-1992556544
-2041380864
1762983936
-1323040768
1257242624
1625948160
929103872
-890044416
415760384
1615659008
305266688
2003304448
1817116672
750059520
1253376000
1422196736
-1437794304
-916652032
-2064056320
-977076224
1334378496
-2119106560
-724500480
-950730752
86835200
200343552
1524826112
698482688
1771634688
-711983104
-773259264
-220921856
1541668864
989724672
-1543962624
-1496055808
-1679294464
-614793216
1908932608
-1263534080
1000865792
-2080768000
739835904
-1476984832
-1330708480
1993211904
-54722560
1526464512
1076625408
-2118778880
549388288
-1883963392
57081856
-175112192
1460338688
143917056
25231360
-1309802496
842399744
1796931584
-2021720064
69140480
1576009728
-480051200
1058865152
32112640
-1976107008
-620429312
-582680576
-67174400
-1883897856
418185216
2147090432
-1144061952
-1058799616
816381952
849149952
-1113522176
-1952055296
1925775360
1062666240
-1402667008
41877504
1119748096
-1577713664
1502216192
1263730688
-1552482304
192413696
2106130432
244449280
-1829306368
-2119630848
1820524544
1985609728
-1060765696
1852637184
9568256
-1681129472
1269956608
-57606144
729939968
1688141824
2089484288
-414121984
629342208
-1389035520
435027968
-484114432
953876480
-1934098432
578551808
-448790528
-1892220928
1698365440
-2026504192
-390004736
-1332871168
716046336
-197591040
773259264
960495616
-2026831872
-1346371584
-1513947136
-41222144
1887895552
338690048
-31653888
206766080
1608646656
-89194496
936706048
-998178816
2000289792
522584064
-368771072
611254272
957612032
-852885504
1565130752
-976486400
-274333696
1116405760
1426259968
1424031744
-910098432
1036255232
91160576
-194052096
838729728
864485376
766509056
-1188102144
-481886208
-747438080
-1229324288
1406009344
-408682496
-1260912640
1612775424
1199964160
-1350107136
-1745485824
201850880
650182656
-1222901760
-166920192
1261502464
-265224192
-1019805696
-1468334080
-1241710592
-1294139392
-351928320
184614912
129957888
-1261961216
1220870144
221118464
-1456013312
2059599872
1085603840
-689504256
871497728
603783168
-1436876800
-357761024
2009792512
-1845559296
-1618673664
-672333824
-645595136
1326186496
1877147648
-443744256
1976369152
654311424
-610664448
-1057095680
389087232
-1630470144
1769603072
-852623360
1370423296
1417674752
-668008448
1500381184
155713536
552927232
1721499648
-1300234240
-1682440192
-1487798272
-1989738496
-810876928
-884015104
868352000
-1168637952
1125777408
-977207296
1507655680
453443584
-1622736896
-1461125120
-1964310528
-2066481152
515244032
-1309999104
1617887232
-541786112
-920911872
-12582912
1227816960
-1773535232
1357840384
-1649475584
1853489152
-1436745728
-1493696512
-1888550912
284819456
1501036544
723976192
-1202978816
-488701952
-86900736
-2086993920
379715584
-1255538688
-961216512
-597491712
252116992
-507707392
2074738688
-1209008128
1822949376
8323072
-693698560
512950272
1626210304
-1235484672
-407961600
1613627392
-7667712
2113470464
-1323433984
-1657143296
-328007680
1534787584
1144127488
2078408704
1819607040
-1649803264
-1492516864
616628224
-2138439680
-1579417600
-1470365696
-1758724096
1460076544
1863450624
1938751488
1712193536
1355743232
-281411584
503250944
-1116274688
-273088512
-190447616
-603324416
1353121792
-1425932288
-1011286016
-1328218112
-1433600000
1102184448
1643315200
1204224000
774242304
-1116798976
-1946550272
-1442316288
702808064
698613760
1360134144
1319501824
-1439825920
-219217920
-150863872
1096417280
1240858624
1712586752
-1259732992
-1341915136
-1226637312
-1541144576
-838664192
1952055296
-1814233088
-1029111808
1348730880
-461111296
1839923200
337444864
-1789329408
406323200
1439694848
-145948672
1610612736
-2081030144
-1262747648
-335937536
771620864
-559939584
362676224
2131820544
759562240
-1077084160
1912602624
608763904
19333120
-1141506048
-1973616640
-1240399872
1811546112
1094778880
1513422848
972947456
-1248133120
-300810240
-56164352
100663296
-761921536
1783824384
438108160
1743781888
-2104819712
1877803008
1597833216
-494206976
-203227136
335085568
-830144512
568459264
-224854016
-467402752
-1594687488
534773760
-1544486912
317915136
1143537664
-1525153792
-823590912
-830078976
1529479168
987955200
264699904
-1252065280
1960902656
-983367680
-1552809984
1904803840
-882704384
1980235776
-606339072
-444596224
-570949632
1583808512
1433272320
1026883584
1089667072
1230045184
1361969152
259522560
1798504448
1137180672
-207880192
203816960
1671954432
-1752367104
521732096
-1479475200
1017511936
-301858816
1985413120
-1747976192
686161920
-2044788736
1294925824
-1647902720
1266810880
-257884160
256901120
384106496
1722417152
-349437952
-60489728
1151467520
1234436096
1372782592
-2116550656
-1970864128
-1692073984
-754581504
-1711341568
106430464
382599168
-1919156224
310312960
2054553600
623443968
832045056
575078400
1640955904
530251776
-1734410240
-107020288
1216413696
515768320
1187971072
-431489024
1782579200
930086912
-174522368
-2128281600
-1642463232
-523960320
2106195968
-490930176
710475776
-815923200
1687486464
-1260388352
1786970112
932904960
1323302912
1893400576
1315569664
-595853312
-2091253760
-924844032
27590656
-1259143168
-349700096
1668612096
-728891392
-2084110336
1561591808
487522304
-1568342016
-1545404416
56033280
214237184
-615251968
-118489088
-1914044416
2037252096
-642383872
192151552
1546321920
68091904
-623771648
-1061158912
-1192230912
1163198464
-128188416
131072000
-1238302720
1187381248
-464781312
965410816
262537216
-437190656
-293732352
-87162880
1231421440
-1022623744
2123694080
-1501888512
-535101440
555352064
1247674368
-479002624
769589248
632422400
-597491712
-1144455168
-1625227264
-1239875584
-952238080
-78905344
-1171718144
-1576009728
-1139998720
1931018240
-412745728
-1268187136
2062090240
-1651048448
-80805888
1597308928
-685637632
181731328
1160118272
-979304448
94633984
-1903362048
-2001928192
-2076639232
889716736
1758003200
-1521221632
2137391104
1279000576
-751632384
-1525088256
681508864
-1896022016
1144651776
-558301184
1446707200
1065746432
-1730019328
-129302528
-74252288
200998912
-542048256
-1342439424
-2031878144
2101870592
-1423245312
-434569216
1416298496
-1241448448
725549056
436994048
-1146814464
-1177812992
-1564934144
1071513600
-288096256
193069056
-449708032
1849360384
1472069632
-1201274880
324272128
-2141323264
1197670400
1468923904
1595342848
-1650589696
-1760296960
-134676480
-1779892224
-1834483712
66322432
1973092352
1118044160
-1965555712
-220004352
-305135616
1894842368
1196294144
-1546584064
-1674575872
1633288192
1601568768
1442643968
68419584
